Acinetobacter	Anabaena	Bacillus	Bdellovibrio	Burkholderia	Chlamydia	Chlamydophila	Clostridium	Escherichia	Lactococcus	Microcystis	Mycobacterium	Prochlorococcus	Pseudomonas	Salmonella	Shigella	Staphylococcus	Streptococcus	Synechococcus	Vibrio	Yersinia
mcl_2	4	1	0	0	0	0	0	0	26	1	1	0	10	2	3	2	0	0	12	3	1
mcl_4	0	0	0	0	0	0	0	0	0	0	0	0	18	0	0	0	0	0	14	0	0
mcl_5	0	0	0	0	0	0	0	0	0	0	0	79	0	0	0	0	0	0	0	0	0
mcl_8	0	0	0	0	0	0	0	0	3	0	0	0	0	5	9	1	0	0	0	1	0
mcl_9	0	0	0	0	0	0	0	0	0	0	0	0	0	0	0	0	66	0	0	0	0
mcl_12	0	0	0	0	0	0	0	0	0	0	0	29	0	0	0	0	0	0	0	0	0
mcl_14	0	0	0	0	0	0	0	0	22	0	0	0	0	0	1	2	0	0	0	4	1
mcl_17	2	0	0	0	0	0	0	0	6	0	0	0	0	3	2	1	0	0	0	4	0
mcl_18	1	0	0	0	2	0	0	0	2	0	0	0	0	6	0	0	0	0	0	0	0
mcl_20	0	0	0	0	7	0	0	0	2	0	0	0	0	1	4	0	0	0	0	3	1
mcl_21	0	0	0	1	0	0	0	0	12	0	0	0	0	0	1	2	0	0	0	0	0
mcl_23	0	0	9	0	0	0	0	0	0	0	0	0	0	0	0	0	0	0	0	0	0
mcl_25	0	0	0	0	0	0	0	0	4	0	0	0	0	7	1	0	0	0	0	0	0
mcl_26	0	0	0	0	0	0	0	0	0	6	0	0	0	0	0	0	0	0	0	0	0
mcl_29	0	0	0	0	0	0	0	0	0	21	0	0	0	0	0	0	0	0	0	1	0
mcl_36	0	0	0	0	0	0	0	0	0	15	0	0	0	0	0	0	0	0	0	0	0
mcl_41	0	0	11	0	0	0	0	1	0	0	0	0	0	0	0	0	0	0	0	0	0
mcl_42	0	0	0	0	0	0	0	0	0	0	0	0	0	0	0	0	46	0	0	0	0
mcl_47	0	0	14	0	0	0	0	0	0	0	0	0	0	0	0	0	0	0	0	0	0
mcl_50	0	0	0	0	0	0	0	0	0	0	0	0	0	0	22	0	0	0	0	0	0
mcl_52	0	0	0	0	0	0	0	8	0	0	0	0	0	0	0	0	0	0	0	0	0
mcl_63	0	0	0	0	0	0	0	0	0	0	0	0	0	0	0	0	0	7	0	0	0
mcl_79	0	0	0	0	0	0	0	3	0	0	0	0	0	0	0	0	0	8	0	1	1
mcl_83	0	0	0	0	0	0	0	0	0	0	0	0	0	0	0	0	0	7	0	0	0
mcl_84	0	0	0	0	0	0	0	0	0	0	0	0	0	0	0	0	37	0	0	0	0
mcl_88	0	0	0	0	4	0	0	0	0	0	0	0	3	1	0	0	0	0	0	0	0
mcl_91	0	0	6	0	0	0	0	0	0	0	0	0	0	0	0	0	0	0	0	0	0
mcl_93	0	0	0	0	1	0	0	0	0	0	0	0	0	11	0	0	0	0	0	0	0
mcl_100	0	0	0	0	0	0	0	0	0	0	0	0	0	0	0	0	0	9	0	0	0
mcl_101	0	0	0	0	0	0	0	0	0	0	0	0	0	0	0	0	0	6	0	0	0
mcl_102	0	0	0	0	5	0	0	0	0	0	0	0	0	0	0	0	0	0	0	0	0
mcl_105	0	0	0	0	0	0	0	0	0	0	0	42	0	0	0	0	0	0	0	0	0
mcl_107	0	0	0	0	0	0	0	0	22	0	0	0	0	0	1	0	0	0	0	0	0
mcl_115	0	0	0	0	4	0	0	0	0	0	0	0	0	0	0	0	0	0	0	3	0
mcl_120	0	0	0	0	2	0	0	0	2	0	0	0	0	0	0	0	0	0	0	1	0
mcl_122	0	0	0	0	0	0	0	0	0	4	0	0	0	0	0	0	0	0	0	0	0
mcl_123	0	0	0	0	0	0	0	0	0	10	0	0	0	0	0	0	0	0	0	0	0
mcl_128	0	0	0	0	0	0	0	0	0	0	0	0	0	0	0	0	0	0	0	3	0
mcl_140	0	0	0	0	0	0	0	0	0	0	0	0	6	0	0	0	0	0	1	0	0
mcl_149	0	0	0	0	0	0	0	0	0	0	0	0	0	3	0	0	0	0	0	0	0
mcl_150	0	0	0	0	0	0	0	0	0	0	0	0	0	0	0	0	0	15	0	0	0
mcl_156	0	0	0	0	0	0	0	0	3	0	0	0	0	0	10	1	0	0	0	0	0
mcl_161	0	0	0	0	0	0	0	0	0	0	0	4	0	0	0	0	0	0	0	0	0
mcl_165	0	0	0	0	0	0	0	0	7	0	0	0	0	0	0	0	0	0	0	0	0
mcl_170	0	0	0	0	0	0	0	0	0	0	0	0	0	0	0	1	0	0	0	2	0
mcl_175	0	0	0	0	0	0	0	0	0	0	0	0	0	0	0	0	0	0	0	2	0
mcl_177	0	0	0	0	0	0	0	0	0	0	0	0	0	0	0	0	0	0	0	2	0
mcl_181	0	0	0	0	0	0	0	0	0	0	0	0	0	0	0	0	0	0	0	3	0
mcl_182	0	0	0	0	0	0	0	0	0	0	0	0	0	0	0	0	0	0	0	3	0
mcl_183	0	0	0	0	0	0	0	0	0	0	0	0	0	0	0	0	0	0	0	3	0
mcl_184	0	0	4	0	0	0	0	0	0	0	0	0	0	0	0	0	0	0	0	0	0
mcl_185	0	0	0	0	0	0	0	0	0	0	0	0	0	0	0	0	0	0	0	3	0
mcl_186	0	0	0	0	0	0	0	0	0	0	0	0	0	0	0	0	0	0	0	3	0
mcl_187	0	0	0	0	0	0	0	0	0	0	0	0	0	0	0	0	0	0	0	3	0
mcl_188	0	0	0	0	0	0	0	0	0	0	0	0	0	0	0	0	0	0	0	3	0
mcl_189	0	0	0	0	0	0	0	0	0	0	0	0	0	0	0	0	0	0	0	3	0
mcl_190	0	0	0	0	0	0	0	0	0	0	0	0	0	0	0	0	0	0	0	3	0
mcl_191	0	0	0	0	0	0	0	5	0	0	0	0	0	0	0	0	0	0	0	0	0
mcl_192	0	0	0	0	0	0	0	0	1	0	0	0	0	0	0	0	0	0	0	2	0
mcl_193	0	0	0	0	0	0	0	0	0	0	0	0	0	0	0	0	0	0	0	3	0
mcl_194	0	0	0	0	0	0	0	0	0	0	0	0	0	0	0	0	0	0	0	3	0
mcl_196	0	0	0	0	0	0	0	0	0	0	0	0	0	0	0	0	0	0	0	3	0
mcl_198	0	0	0	0	0	0	0	0	0	0	0	0	0	4	0	0	0	0	0	0	0
mcl_199	0	0	0	0	0	0	0	0	0	0	0	0	0	6	0	0	0	0	0	0	0
mcl_201	0	0	0	0	0	0	0	0	0	0	0	0	3	0	0	0	0	0	0	0	0
mcl_202	0	0	0	0	0	0	0	0	0	0	0	0	0	3	0	0	0	0	0	0	0
mcl_203	0	0	0	0	0	0	0	0	0	0	0	0	0	3	0	0	0	0	0	0	0
mcl_204	0	0	0	0	0	0	0	0	0	0	0	0	0	3	0	0	0	0	0	0	0
mcl_206	0	0	0	0	0	0	0	0	0	0	0	0	0	3	0	0	0	0	0	0	0
mcl_210	0	0	0	0	0	0	0	0	0	0	0	0	0	0	0	0	0	0	2	0	0
mcl_211	0	0	0	0	0	0	0	0	2	0	0	0	0	0	0	0	0	0	0	0	3
mcl_213	0	0	0	0	0	0	0	0	2	0	0	0	0	0	0	0	0	0	0	0	3
mcl_214	0	0	0	0	0	0	0	0	0	0	0	0	0	0	0	0	0	0	0	6	0
mcl_218	0	0	0	0	0	0	0	0	0	0	0	0	0	0	0	0	0	0	0	2	0
mcl_219	0	0	0	0	0	0	0	0	0	9	0	0	0	0	0	0	0	0	0	0	0
mcl_222	0	0	0	0	0	0	0	0	0	3	0	0	0	0	0	0	0	0	0	0	0
mcl_224	0	0	0	0	1	0	0	0	0	0	0	0	0	9	0	0	0	0	0	0	0
mcl_225	0	0	0	0	0	0	0	0	0	0	0	0	0	0	0	0	0	11	0	0	0
mcl_226	0	0	0	0	0	0	0	0	0	0	0	0	0	0	0	0	0	0	0	3	0
mcl_227	0	0	0	0	0	0	0	0	0	0	0	0	0	0	0	0	0	0	0	0	3
mcl_229	2	0	0	0	0	0	0	0	0	0	0	1	0	0	0	0	0	0	0	1	0
mcl_234	0	0	0	0	0	0	0	0	0	0	0	0	0	0	0	0	9	0	0	0	0
mcl_236	4	0	0	0	0	0	0	0	0	0	0	0	0	0	0	0	0	0	0	0	0
mcl_237	2	0	0	0	0	0	0	0	0	0	0	1	0	0	0	0	0	0	0	0	0
mcl_238	3	0	0	0	0	0	0	0	0	0	0	0	0	0	0	0	0	0	0	0	0
mcl_239	3	0	0	0	0	0	0	0	0	0	0	0	0	0	0	0	0	0	0	0	0
mcl_241	3	0	0	0	0	0	0	0	0	0	0	0	0	0	0	0	0	0	0	0	0
mcl_243	3	0	0	0	0	0	0	0	0	0	0	0	0	0	0	0	0	0	0	0	0
mcl_252	0	0	0	0	0	0	0	0	0	0	0	0	0	4	0	0	0	0	0	0	0
mcl_253	3	0	0	0	0	0	0	0	0	0	0	0	0	7	0	0	0	0	0	0	0
mcl_255	0	0	0	0	0	0	0	0	0	0	0	0	0	8	0	0	0	0	0	0	0
mcl_256	0	0	0	0	0	0	0	0	0	0	0	0	0	8	0	0	0	0	0	0	0
mcl_259	0	0	3	0	0	0	0	0	0	0	0	0	0	0	0	0	0	0	0	0	0
mcl_265	0	0	0	0	0	0	0	0	0	0	0	0	0	0	0	0	0	0	0	3	0
mcl_274	0	0	0	0	0	0	0	0	0	0	0	0	0	0	3	0	0	0	0	0	0
mcl_280	0	0	0	0	0	0	0	0	0	7	0	0	0	0	0	0	0	0	0	0	0
mcl_284	0	0	0	0	0	0	0	0	0	3	0	0	0	0	0	0	0	0	0	0	0
mcl_286	0	0	0	0	0	0	0	0	0	3	0	0	0	0	0	0	0	0	0	0	0
mcl_287	0	0	0	0	0	0	0	0	0	3	0	0	0	0	0	0	0	0	0	0	0
mcl_288	0	0	0	0	0	0	0	0	0	3	0	0	0	0	0	0	0	0	0	0	0
mcl_289	0	0	0	0	0	0	0	0	0	5	0	0	0	0	0	0	0	0	0	0	0
mcl_291	0	0	0	0	0	0	0	0	0	3	0	0	0	0	0	0	0	0	0	0	0
mcl_294	0	0	0	0	0	0	0	0	0	3	0	0	0	0	0	0	0	0	0	0	0
mcl_295	0	0	0	0	0	0	0	0	0	5	0	0	0	0	0	0	0	0	0	0	0
mcl_303	0	0	0	0	0	0	0	0	0	3	0	0	0	0	0	0	0	0	0	0	0
mcl_306	0	0	0	0	0	0	0	0	0	3	0	0	0	0	0	0	0	0	0	0	0
mcl_307	0	0	0	0	0	0	0	0	0	3	0	0	0	0	0	0	0	0	0	0	0
mcl_310	0	0	0	0	0	0	0	0	0	0	0	0	2	0	0	0	0	0	0	0	0
mcl_315	0	0	0	0	0	0	0	0	0	14	0	0	0	0	0	0	0	0	0	0	0
mcl_319	0	0	0	0	0	0	0	0	0	6	0	0	0	0	0	0	0	0	0	0	0
mcl_320	0	0	0	0	0	0	0	0	0	5	0	0	0	0	0	0	0	0	0	0	0
mcl_321	0	0	0	0	0	0	0	0	0	3	0	0	0	0	0	0	0	0	0	0	0
mcl_322	0	0	0	0	0	0	0	0	0	2	0	0	0	0	0	0	0	0	0	0	0
mcl_324	0	0	0	0	0	0	0	0	0	5	0	0	0	0	0	0	0	0	0	0	0
mcl_325	0	0	0	0	0	0	0	0	0	3	0	0	0	0	0	0	0	0	0	0	0
mcl_326	0	0	0	0	0	0	0	0	0	3	0	0	0	0	0	0	0	0	0	0	0
mcl_327	0	0	0	0	0	0	0	0	0	4	0	0	0	0	0	0	0	0	0	0	0
mcl_328	0	0	0	0	0	0	0	0	0	3	0	0	0	0	0	0	0	0	0	0	0
mcl_329	0	0	0	0	0	0	0	0	0	3	0	0	0	0	0	0	0	0	0	0	0
mcl_330	0	0	0	0	0	0	0	0	0	4	0	0	0	0	0	0	0	0	0	0	0
mcl_331	0	0	0	0	0	0	0	0	0	7	0	0	0	0	0	0	0	0	0	0	0
mcl_332	0	0	0	0	0	0	0	3	0	0	0	0	0	0	0	0	0	0	0	0	0
mcl_333	0	0	0	0	0	0	0	4	0	0	0	0	0	0	0	0	0	0	0	0	0
mcl_334	0	0	0	0	0	0	0	3	0	0	0	0	0	0	0	0	0	0	0	0	0
mcl_337	0	0	0	0	0	0	0	3	0	0	0	0	0	0	0	0	0	0	0	0	0
mcl_339	0	0	0	0	0	0	0	3	0	0	0	0	0	0	0	0	0	0	0	0	0
mcl_340	0	0	0	0	0	0	0	4	0	0	0	0	0	0	0	0	0	0	0	0	0
mcl_342	0	0	0	0	0	0	0	4	1	0	0	0	0	0	0	0	0	0	0	0	0
mcl_343	0	0	0	0	0	0	0	3	0	0	0	0	0	0	0	0	0	0	0	0	0
mcl_344	0	0	0	0	0	0	0	5	0	0	0	0	0	0	0	0	0	0	0	0	0
mcl_345	0	0	0	0	0	0	0	5	0	0	0	0	0	0	0	0	0	0	0	0	0
mcl_346	0	0	0	0	0	0	0	2	0	0	0	0	0	0	2	0	0	0	0	0	0
mcl_347	0	0	0	0	0	0	0	0	0	0	0	0	0	0	0	0	0	0	0	4	0
mcl_348	0	0	0	0	0	0	0	5	0	0	0	0	0	0	0	0	0	0	0	0	0
mcl_349	0	0	0	0	0	0	0	3	0	0	0	0	0	0	0	0	0	0	0	0	0
mcl_350	0	0	0	0	0	0	0	5	0	0	0	0	0	0	0	0	0	0	0	0	0
mcl_352	0	0	11	0	0	0	0	0	0	0	0	0	0	1	0	0	0	0	0	0	0
mcl_353	0	0	0	0	0	0	0	0	0	0	0	0	0	0	0	0	0	9	0	0	0
mcl_356	0	0	0	0	0	0	0	0	0	0	0	0	0	0	0	0	0	3	0	0	0
mcl_359	0	0	0	0	0	0	0	0	0	0	0	0	0	3	0	0	0	0	0	0	0
mcl_361	0	0	0	0	0	0	0	0	0	0	0	0	0	2	0	0	0	0	0	0	0
mcl_364	0	0	0	0	0	0	0	0	0	0	0	0	0	9	0	0	0	0	0	0	0
mcl_366	0	0	0	0	0	0	0	0	0	0	0	0	0	4	0	0	0	0	0	0	0
mcl_369	0	0	0	0	0	0	0	4	0	0	0	0	0	0	0	0	0	0	0	0	0
mcl_383	0	0	0	0	0	0	0	0	0	0	0	0	0	0	0	0	0	4	0	0	0
mcl_386	0	0	0	0	0	0	0	0	0	0	0	0	0	0	0	0	0	3	0	0	0
mcl_388	0	0	0	0	0	0	0	0	0	0	0	0	0	0	0	0	0	6	0	0	0
mcl_393	0	0	0	0	0	0	0	0	0	0	0	0	0	0	0	0	0	3	0	0	0
mcl_396	0	0	0	0	0	0	0	0	0	0	0	0	0	0	0	0	0	7	0	0	0
mcl_400	0	0	0	0	0	0	0	0	0	0	0	0	0	0	0	0	6	0	0	0	0
mcl_402	0	0	0	0	0	0	0	0	0	0	0	0	0	0	0	0	0	4	0	0	0
mcl_413	0	0	0	0	0	0	0	0	0	11	0	0	0	0	0	0	0	0	0	0	0
mcl_414	0	0	0	0	0	0	0	0	0	11	0	0	0	0	0	0	0	0	0	0	0
mcl_415	0	0	0	0	0	0	0	0	0	12	0	0	0	0	0	0	0	0	0	0	0
mcl_416	0	0	0	0	0	0	0	0	0	0	0	0	0	0	3	0	0	0	0	0	0
mcl_422	0	0	3	0	0	0	0	0	0	0	0	0	0	0	0	0	0	0	0	0	0
mcl_432	0	0	0	0	0	0	0	0	0	0	0	0	0	0	0	0	0	0	0	3	0
mcl_433	0	0	0	0	0	0	0	0	0	0	0	0	0	0	0	0	0	0	0	3	0
mcl_435	0	0	0	0	0	0	0	0	0	0	0	0	0	0	0	0	0	0	0	2	0
mcl_436	0	0	0	0	0	0	0	0	0	0	0	0	0	0	0	0	0	0	0	3	0
mcl_437	0	0	0	0	0	0	0	0	0	0	0	0	0	0	0	0	0	0	0	3	0
mcl_439	0	0	0	0	0	0	0	0	0	0	0	0	0	0	0	0	0	0	0	3	0
mcl_440	0	0	0	0	0	0	0	0	0	0	0	0	0	0	0	0	0	0	0	3	0
mcl_441	0	0	0	0	0	0	0	0	0	0	0	0	0	0	0	0	0	3	0	0	0
mcl_442	0	0	0	0	3	0	0	0	0	0	0	0	0	0	0	0	0	0	0	0	0
mcl_443	0	0	0	0	3	0	0	0	0	0	0	0	0	0	0	0	0	0	0	0	0
mcl_444	0	0	0	0	5	0	0	0	0	0	0	0	0	0	0	0	0	0	0	0	0
mcl_445	0	0	0	0	5	0	0	0	0	0	0	0	0	0	0	0	0	0	0	0	0
mcl_446	0	0	0	0	4	0	0	0	0	0	0	0	0	0	0	0	0	0	0	0	0
mcl_450	0	0	0	0	0	0	0	0	0	0	0	0	0	0	0	0	0	0	0	3	0
mcl_455	0	0	0	0	1	0	0	0	0	0	0	0	0	0	0	2	0	0	0	0	0
mcl_458	0	0	0	0	0	0	0	0	0	0	0	0	0	0	0	3	0	0	0	0	0
mcl_459	0	0	0	0	0	0	0	0	3	0	0	0	0	0	0	0	0	0	0	0	1
mcl_460	0	0	0	0	0	0	0	0	0	0	0	0	0	0	4	0	0	0	0	0	1
mcl_469	0	0	0	0	0	0	0	0	0	0	0	0	0	0	0	0	0	10	0	0	0
mcl_470	0	0	0	0	0	0	0	0	0	0	0	0	0	0	7	0	0	0	0	0	0
mcl_471	0	0	0	0	0	0	0	0	0	0	0	0	0	0	0	0	0	3	0	0	0
mcl_472	0	0	0	0	0	0	0	0	0	0	0	0	0	0	0	0	0	3	0	0	0
mcl_477	0	0	0	0	0	0	0	0	0	0	0	0	0	0	0	0	0	3	0	0	0
mcl_484	0	0	0	0	1	0	0	0	0	0	0	0	0	1	0	0	0	0	0	3	0
mcl_486	0	0	0	0	0	0	0	0	0	0	0	0	0	0	0	0	0	0	0	3	0
mcl_487	0	0	0	0	3	0	0	0	0	0	0	0	0	0	0	0	0	0	0	0	0
mcl_488	0	0	0	0	4	0	0	0	0	0	0	0	0	0	0	0	0	0	0	0	0
mcl_495	0	0	0	0	0	0	0	0	4	0	0	0	0	1	2	0	0	0	0	0	1
mcl_506	0	0	0	0	0	0	0	0	2	0	0	0	0	0	1	0	0	0	0	0	1
mcl_508	0	0	0	0	0	0	0	0	0	0	0	0	0	2	0	0	0	0	0	0	2
mcl_509	0	0	0	0	0	0	0	0	2	0	0	0	0	0	0	0	0	0	0	0	1
mcl_519	0	0	0	0	0	0	0	0	7	0	0	1	0	0	0	0	0	0	0	0	0
mcl_533	0	0	0	0	0	0	0	0	20	0	0	0	0	0	4	1	0	0	0	0	0
mcl_548	0	0	0	0	0	0	0	0	0	0	0	0	0	0	3	0	0	0	0	0	0
mcl_552	0	0	0	0	0	0	0	0	0	0	0	0	0	0	5	0	0	0	0	0	0
mcl_555	0	0	0	0	0	0	0	0	0	0	0	0	0	0	6	0	0	0	0	0	0
mcl_557	0	0	0	0	0	0	0	0	0	0	0	0	0	0	4	0	0	0	0	0	0
mcl_569	0	0	0	0	0	0	0	0	0	0	0	0	0	0	3	0	0	0	0	0	0
mcl_570	0	0	0	0	0	0	0	0	0	0	0	0	0	0	3	0	0	0	0	0	0
mcl_571	0	0	0	0	0	0	0	0	0	0	0	0	0	0	4	0	0	0	0	0	0
mcl_572	0	0	0	0	0	0	0	0	0	0	0	0	0	0	4	0	0	0	0	0	0
mcl_575	0	0	0	0	0	0	0	0	0	0	0	0	0	0	4	0	0	0	0	0	0
mcl_577	0	0	0	0	0	0	0	0	0	0	0	0	0	0	3	0	0	0	0	0	1
mcl_580	0	0	0	0	0	0	0	0	0	0	0	0	0	0	4	0	0	0	0	0	0
mcl_581	0	0	0	0	0	0	0	0	0	0	0	0	0	0	4	0	0	0	0	0	0
mcl_582	0	0	0	0	0	0	0	0	0	0	0	0	0	0	2	0	0	0	0	0	0
mcl_583	0	0	0	0	0	0	0	0	0	0	0	0	0	0	2	0	0	0	0	0	0
mcl_585	0	0	0	0	0	0	0	0	20	0	0	0	0	0	0	0	0	0	0	0	0
mcl_588	0	0	0	0	0	0	0	0	3	0	0	0	0	0	0	0	0	0	0	0	0
mcl_592	0	0	0	0	0	0	0	0	8	0	0	0	0	0	0	0	0	0	0	0	0
mcl_596	0	0	0	0	0	0	0	0	4	0	0	0	0	0	1	1	0	0	0	3	0
mcl_609	0	0	0	0	0	0	0	0	0	0	0	0	7	0	0	0	0	0	10	0	0
mcl_610	0	0	0	0	1	0	0	0	0	0	0	0	9	1	0	0	0	0	1	0	0
mcl_611	0	0	3	0	0	0	0	0	0	0	0	0	0	0	0	0	0	0	0	0	0
mcl_612	3	0	0	0	0	0	0	0	0	0	0	0	0	0	0	0	0	0	0	0	0
mcl_616	0	0	0	0	0	0	0	0	0	0	0	0	2	0	0	0	0	0	6	0	0
mcl_617	0	0	0	0	0	0	0	0	0	0	0	0	0	0	0	0	0	0	3	0	0
mcl_618	0	0	0	0	0	0	0	0	0	0	0	0	3	0	0	0	0	0	1	0	0
mcl_619	0	0	0	0	0	0	0	0	0	0	0	9	0	0	0	0	0	0	0	0	0
mcl_620	0	0	0	0	0	0	0	0	0	0	0	0	0	0	0	0	0	9	0	0	0
mcl_623	0	0	0	0	0	0	0	0	0	0	0	0	0	0	4	0	0	0	0	0	0
mcl_625	0	0	0	0	0	0	0	0	3	0	0	0	0	0	0	0	0	0	0	0	0
mcl_627	0	0	7	0	0	0	0	0	0	0	0	0	0	0	0	0	0	0	0	0	0
mcl_628	0	0	0	0	0	0	0	0	0	0	0	6	0	0	0	0	0	0	0	0	0
mcl_630	0	0	0	0	0	0	0	0	0	0	0	0	0	0	0	0	0	0	3	0	0
mcl_631	0	0	0	0	0	0	0	0	0	0	0	0	4	0	0	0	0	0	3	0	0
mcl_632	0	0	0	0	0	0	0	0	0	0	0	0	0	0	0	0	0	0	1	0	0
mcl_636	0	0	0	0	0	0	0	0	0	0	0	0	0	2	0	0	0	0	0	0	0
mcl_638	0	0	0	0	0	0	0	0	0	0	0	0	2	0	0	0	0	0	2	0	0
mcl_639	0	0	0	0	0	0	0	0	0	0	0	0	0	0	0	0	0	0	3	0	0
mcl_640	0	0	0	0	0	0	0	0	0	0	0	0	0	0	0	0	0	0	3	0	0
mcl_646	2	0	0	0	0	0	0	0	0	0	0	0	0	0	0	0	0	0	0	1	0
mcl_648	0	0	6	0	0	0	0	0	0	0	0	0	0	0	0	0	0	0	0	0	0
mcl_650	0	0	0	0	0	0	0	0	0	0	0	0	0	0	3	0	0	0	0	0	0
mcl_662	0	0	3	0	0	0	0	0	0	0	0	0	0	0	0	0	0	0	0	0	0
mcl_663	0	0	0	0	0	0	0	0	0	0	0	0	2	0	0	0	0	0	1	0	0
mcl_664	0	0	0	0	0	0	0	0	0	0	1	0	0	0	0	0	0	0	0	0	0
mcl_665	0	0	0	0	0	0	0	0	0	0	0	0	0	0	0	0	0	6	0	0	0
mcl_673	0	0	0	0	3	0	0	0	0	0	0	0	0	0	0	0	0	0	0	0	0
mcl_679	3	0	0	0	0	0	0	0	0	0	0	0	0	0	0	0	0	0	0	0	0
mcl_681	0	0	0	0	1	0	0	0	0	0	0	0	0	4	0	0	0	0	0	0	0
mcl_682	0	0	0	1	0	4	1	0	0	0	0	0	0	0	0	0	0	0	0	0	0
mcl_685	0	0	0	0	0	0	0	0	2	0	0	0	0	0	0	3	0	0	0	0	0
mcl_696	0	0	0	0	0	0	0	0	2	0	0	0	0	0	0	0	0	0	0	2	0
mcl_699	0	0	0	0	0	0	0	0	0	0	0	0	0	0	0	0	5	0	0	0	0
mcl_700	0	0	0	0	0	0	0	0	0	0	0	0	0	0	0	0	0	4	0	0	0
mcl_703	0	0	2	0	0	0	0	0	0	0	0	0	0	0	0	0	0	0	0	0	0
mcl_705	0	0	0	0	3	0	0	0	0	0	0	0	0	0	0	0	0	0	0	0	0
mcl_706	0	0	0	0	0	0	0	0	0	0	0	0	0	0	0	0	0	0	0	2	0
mcl_707	0	0	0	0	0	0	0	0	0	0	0	0	0	1	0	0	0	0	0	1	0
mcl_711	0	0	5	0	0	0	0	0	0	0	0	0	0	0	0	0	0	0	0	0	0
mcl_713	0	0	0	0	0	0	0	0	1	0	0	0	0	0	1	3	0	0	0	0	0
mcl_720	0	0	0	0	0	0	0	0	1	0	0	0	0	0	1	0	0	0	0	0	1
mcl_725	0	0	0	0	0	0	0	0	0	0	0	0	0	3	0	0	0	0	0	0	0
mcl_726	0	0	0	0	0	0	0	0	0	0	0	0	0	0	0	0	0	4	0	0	0
mcl_727	0	0	0	0	0	0	0	0	0	0	0	0	0	0	0	0	0	0	0	2	0
mcl_728	0	0	0	0	0	0	0	0	0	0	0	0	0	9	0	0	0	0	0	0	0
mcl_729	0	0	0	0	0	0	0	0	0	0	0	0	0	0	8	0	0	0	0	0	0
mcl_732	0	0	0	0	0	0	0	0	0	0	0	0	4	0	0	0	0	0	0	0	0
mcl_733	0	0	0	0	0	0	0	0	0	0	0	0	0	0	0	0	0	0	0	4	0
mcl_734	0	0	0	0	0	0	0	0	0	0	0	0	4	0	0	0	0	0	0	0	0
mcl_738	0	0	0	0	0	0	0	0	3	0	0	0	0	0	0	2	0	0	0	0	0
mcl_740	0	0	0	0	0	0	0	0	0	0	0	0	2	0	0	0	0	0	1	0	0
mcl_741	0	0	0	0	0	0	0	0	4	0	0	0	0	0	0	0	0	0	0	0	0
mcl_746	0	0	0	0	0	0	0	0	2	0	0	0	0	0	3	0	0	0	0	0	0
mcl_756	0	0	0	0	4	0	0	0	0	0	0	0	0	0	0	0	0	0	0	0	0
mcl_757	0	0	0	0	0	0	0	0	0	0	0	0	0	0	0	0	4	0	0	0	0
mcl_764	0	0	3	0	0	0	0	0	0	0	0	0	0	0	0	0	0	0	0	0	0
mcl_768	0	0	0	0	0	0	0	0	0	0	0	0	0	4	0	0	0	0	0	0	0
mcl_770	0	0	0	0	0	0	0	0	0	0	0	0	2	0	0	0	0	0	1	0	0
mcl_771	0	0	0	0	0	0	0	0	0	0	0	0	2	0	0	0	0	0	1	0	0
mcl_778	0	0	0	0	0	0	0	0	0	0	0	0	0	0	0	0	0	0	0	3	0
mcl_779	0	0	1	0	0	0	0	0	0	0	0	0	0	0	0	0	0	2	0	0	0
mcl_780	0	0	0	0	0	0	0	0	0	0	0	0	0	0	0	0	0	0	0	3	0
mcl_782	0	0	0	0	0	0	0	0	0	0	0	18	0	0	0	0	0	0	0	0	0
mcl_783	0	0	0	0	0	0	0	0	0	0	0	0	0	0	0	0	10	0	0	0	0
mcl_784	3	0	0	0	0	0	0	0	0	0	0	0	0	0	0	0	0	0	0	0	0
mcl_787	0	0	0	0	0	0	0	0	0	0	0	34	0	0	0	0	0	0	0	0	0
mcl_790	0	0	0	0	0	0	0	0	0	0	0	0	0	0	11	0	0	0	0	0	0
mcl_794	3	0	0	0	0	0	0	0	0	0	0	0	0	0	0	0	0	0	0	0	0
mcl_796	0	0	0	0	0	0	0	0	0	0	0	0	0	0	0	0	0	0	0	3	0
mcl_800	0	0	0	0	0	0	0	0	0	0	0	0	0	0	0	0	0	4	0	0	0
mcl_801	0	0	0	0	0	0	0	4	0	0	0	0	0	0	0	0	0	0	0	0	0
mcl_802	0	0	0	0	0	0	0	0	0	0	0	8	0	0	0	0	0	0	0	0	0
mcl_803	0	0	10	0	0	0	0	0	0	0	0	0	0	0	0	0	0	0	0	0	0
mcl_805	0	0	0	0	0	0	0	0	0	0	0	0	0	0	0	0	0	3	0	0	0
mcl_807	0	0	0	0	0	0	0	0	5	0	0	0	0	0	1	0	0	0	0	1	0
mcl_808	0	0	0	0	0	0	0	0	0	0	0	0	0	0	0	0	0	0	0	3	0
mcl_809	0	0	0	0	0	0	0	0	0	0	0	0	0	0	0	0	0	0	0	3	0
mcl_812	0	0	0	0	0	0	0	0	0	0	0	0	0	0	0	0	0	0	0	3	0
mcl_814	0	0	0	0	0	0	0	0	0	0	0	0	0	3	0	0	0	0	0	0	0
mcl_816	0	0	1	0	0	0	0	1	0	0	0	0	0	0	0	0	6	0	0	0	0
mcl_820	0	0	6	0	0	0	0	0	0	0	0	0	0	0	1	0	7	0	0	0	0
mcl_822	0	0	0	0	0	0	0	0	0	5	0	0	0	0	0	0	0	0	0	0	0
mcl_823	0	0	0	0	0	0	0	0	3	0	0	0	0	0	0	0	0	0	0	0	0
mcl_825	0	0	0	0	0	0	0	0	0	0	0	0	0	0	0	0	0	4	0	0	0
mcl_828	0	0	0	0	3	0	0	0	0	0	0	0	0	0	0	0	0	0	0	0	0
mcl_836	0	0	0	0	0	0	0	0	0	0	0	0	2	0	0	0	0	0	0	0	0
mcl_838	0	0	0	0	0	0	0	0	0	0	0	0	0	3	0	0	0	0	0	0	0
mcl_843	0	0	0	0	0	0	0	0	0	0	0	0	2	0	0	0	0	0	1	0	0
mcl_845	0	0	0	0	0	0	0	0	0	0	0	0	2	0	0	0	0	0	1	0	0
mcl_846	0	0	0	0	0	0	0	0	0	0	0	0	2	0	0	0	0	0	1	0	0
mcl_847	0	0	0	0	0	0	0	0	0	0	0	0	2	0	0	0	0	0	1	0	0
mcl_848	0	0	0	0	0	0	0	3	0	0	0	0	0	0	0	0	0	0	0	0	0
mcl_850	0	0	0	0	0	0	0	0	0	0	0	0	1	0	0	0	0	0	2	0	0
mcl_851	0	0	9	0	0	0	0	0	0	0	0	0	0	0	0	0	0	0	0	0	0
mcl_854	0	0	0	0	3	0	0	0	0	0	0	0	0	0	0	0	0	0	0	0	0
mcl_855	0	0	0	0	0	0	0	0	0	0	0	0	0	0	0	0	0	0	0	3	0
mcl_857	0	0	0	0	0	0	0	0	0	4	0	0	0	0	0	0	0	0	0	0	0
mcl_859	0	0	7	0	0	0	0	0	0	0	0	0	0	0	0	0	0	0	0	0	0
mcl_860	0	0	5	0	0	0	0	0	0	0	0	0	0	0	0	0	0	0	0	0	0
mcl_863	0	0	1	0	0	3	1	0	0	0	0	0	0	0	0	0	0	0	0	0	0
mcl_865	0	0	0	0	0	0	0	0	0	0	0	0	0	0	0	0	0	0	2	0	0
mcl_866	0	0	0	0	0	0	0	0	0	0	0	0	0	0	0	0	0	0	2	0	0
mcl_867	0	0	0	0	0	0	0	0	0	0	0	0	0	0	0	0	0	14	0	0	0
mcl_868	0	0	0	0	0	0	0	0	0	0	0	0	2	0	0	0	0	0	1	0	0
mcl_869	0	0	0	0	0	0	0	0	0	0	0	0	8	0	0	0	0	0	2	0	0
mcl_872	0	0	0	0	0	0	0	0	0	0	0	0	0	0	0	0	0	0	0	3	0
mcl_873	0	0	0	0	0	0	0	0	0	0	0	0	4	0	0	0	0	0	0	0	0
mcl_874	0	0	0	0	0	0	0	1	0	0	0	0	6	0	0	0	0	0	0	0	0
mcl_875	0	0	0	0	0	0	0	0	0	0	0	0	4	0	0	0	0	0	0	0	0
mcl_876	0	0	0	0	0	0	0	0	0	0	0	0	4	0	0	0	0	0	0	0	0
mcl_877	0	0	0	0	0	0	0	0	0	0	0	0	0	0	0	0	12	0	0	0	0
mcl_879	0	0	0	0	3	0	0	0	0	0	0	0	0	0	0	0	0	0	0	0	0
mcl_882	0	0	0	0	0	0	0	0	0	0	0	0	0	0	0	0	0	0	0	1	0
mcl_885	0	0	9	0	0	0	0	0	0	0	0	0	0	0	0	0	1	0	0	0	0
mcl_886	0	0	5	0	0	0	0	0	0	0	0	0	0	0	0	0	0	0	0	0	0
mcl_887	0	0	3	0	0	0	0	0	0	0	0	0	0	0	0	0	0	0	0	0	0
mcl_890	0	0	1	0	0	0	0	2	0	0	0	0	0	0	0	0	0	0	0	0	0
mcl_891	0	0	0	0	0	0	0	0	0	0	0	0	0	0	0	0	0	0	0	2	0
mcl_893	0	0	0	0	0	0	0	0	0	0	0	0	0	6	0	0	0	0	0	0	0
mcl_896	0	0	4	0	0	0	0	0	0	0	0	0	0	0	0	0	0	0	0	0	0
mcl_897	0	0	3	0	0	0	0	0	0	0	0	0	0	0	0	0	0	0	0	0	0
mcl_898	0	0	0	0	5	0	0	0	0	0	0	0	0	0	0	0	0	0	0	0	0
mcl_899	0	0	0	0	0	0	0	0	0	0	0	0	0	4	0	0	0	0	0	0	0
mcl_907	0	0	3	0	0	0	0	0	0	0	0	0	0	0	0	0	0	0	0	0	0
mcl_909	0	0	0	0	0	0	0	0	1	0	0	0	0	0	1	3	0	0	0	0	0
mcl_911	0	0	0	0	0	0	0	0	0	0	0	0	0	0	0	0	0	0	0	2	0
mcl_912	3	0	0	0	0	0	0	0	0	0	0	0	0	0	0	0	0	0	0	0	0
mcl_913	0	0	0	0	0	0	0	0	0	0	0	0	0	0	0	0	0	0	0	2	0
mcl_916	0	0	0	0	0	3	1	0	0	0	0	0	0	0	0	0	0	0	0	0	0
mcl_922	0	0	0	0	0	0	0	0	0	0	0	0	0	0	3	0	0	0	0	0	0
mcl_923	0	0	0	0	0	0	0	0	0	0	0	0	0	0	0	0	0	4	0	0	0
mcl_925	0	0	0	0	0	0	0	0	0	0	0	0	0	0	0	0	0	4	0	0	0
mcl_926	0	0	0	0	0	0	0	0	0	0	0	0	0	0	0	0	0	4	0	0	0
mcl_927	0	0	0	0	0	0	0	4	0	0	0	0	0	0	0	0	0	0	0	0	0
mcl_930	0	0	0	0	0	0	0	0	0	0	0	0	0	0	0	0	0	3	0	0	0
mcl_935	0	0	0	0	0	0	0	0	0	0	1	0	0	0	0	0	0	0	0	0	0
mcl_936	0	0	0	0	0	0	0	0	0	4	0	0	0	0	0	0	0	0	0	0	0
mcl_940	0	0	0	0	0	0	0	0	0	0	0	0	0	0	0	0	0	3	0	0	0
mcl_942	0	0	0	0	0	0	0	0	0	0	0	0	0	0	0	0	5	0	0	0	0
mcl_943	3	0	0	0	0	0	0	0	0	0	0	0	0	0	0	0	0	0	0	0	0
mcl_944	3	0	0	0	0	0	0	0	0	0	0	0	0	0	0	0	0	0	0	0	0
mcl_945	3	0	0	0	0	0	0	0	0	0	0	0	0	0	0	0	0	0	0	0	0
mcl_946	2	0	0	0	0	0	0	0	0	0	0	0	0	0	0	0	0	0	0	0	0
mcl_947	3	0	0	0	0	0	0	0	0	0	0	0	0	0	0	0	0	0	0	0	0
mcl_950	0	0	0	0	0	0	0	0	0	0	0	0	0	3	0	0	0	0	0	0	0
mcl_951	0	0	0	0	0	0	0	0	0	0	0	0	0	3	0	0	0	0	0	0	0
mcl_956	0	0	0	0	4	0	0	0	1	0	0	0	0	0	0	0	0	0	0	0	0
mcl_957	0	0	0	0	0	0	0	0	0	0	0	0	0	0	0	0	0	13	0	0	0
mcl_964	0	0	0	0	0	0	0	0	0	0	0	0	0	0	9	0	0	0	0	0	0
mcl_965	0	0	0	0	0	0	0	0	0	0	0	0	0	0	0	0	0	0	0	3	0
mcl_968	0	0	0	0	4	0	0	0	0	0	0	0	0	0	0	0	0	0	0	0	0
mcl_974	0	0	0	0	0	0	0	0	0	0	0	0	0	0	0	0	0	0	0	3	0
mcl_976	0	0	0	0	0	0	0	0	0	0	0	4	0	0	0	0	0	0	0	0	0
mcl_978	0	0	0	0	4	0	0	0	0	0	0	0	0	0	0	0	0	0	0	0	0
mcl_980	0	0	0	0	0	0	0	3	0	0	0	0	0	0	0	0	0	0	0	0	0
mcl_982	0	0	0	0	0	0	0	0	0	0	0	0	0	0	0	0	0	4	0	0	0
mcl_983	0	0	0	0	0	0	0	0	0	0	0	0	0	0	0	0	0	3	0	0	0
mcl_988	0	0	0	0	0	0	0	0	0	0	0	0	0	0	0	0	0	3	0	0	0
mcl_994	0	0	0	0	0	0	0	0	0	0	0	0	0	0	0	0	0	0	0	4	0
mcl_996	0	0	0	0	0	0	0	0	0	0	0	0	0	0	0	0	0	6	0	0	0
mcl_999	0	0	0	0	0	0	0	0	0	0	0	0	0	3	0	0	0	0	0	0	0
mcl_1014	0	0	0	0	0	0	0	3	0	0	0	0	0	0	0	0	0	0	0	0	0
mcl_1025	0	0	0	0	0	0	0	0	0	0	0	28	0	0	0	0	0	0	0	0	0
mcl_1031	0	0	0	0	0	0	0	4	0	0	0	0	0	0	0	0	0	0	0	0	0
mcl_1038	0	0	0	0	0	0	0	0	0	0	0	7	0	0	0	0	0	0	0	0	0
mcl_1051	0	0	3	0	0	0	0	0	0	0	0	0	0	0	0	0	0	0	0	0	0
mcl_1066	0	0	0	0	0	0	0	0	0	0	0	0	0	0	0	0	0	0	0	5	0
mcl_1067	0	0	0	0	0	0	0	0	0	0	0	0	0	0	0	0	0	8	0	0	0
mcl_1072	0	0	0	0	0	0	0	0	0	0	0	0	0	0	0	0	0	3	0	0	0
mcl_1074	0	0	0	0	0	0	0	0	0	0	0	0	0	0	0	0	0	2	0	0	0
mcl_1076	0	0	0	0	0	0	0	3	0	0	0	0	0	0	0	0	0	0	0	0	0
mcl_1077	0	0	0	0	0	0	0	4	0	0	0	0	0	0	0	0	0	0	0	0	0
mcl_1078	0	0	0	0	0	0	0	3	0	0	0	0	0	0	0	0	0	0	0	0	0
mcl_1079	0	0	0	0	0	0	0	4	0	0	0	0	0	0	0	0	0	0	0	0	0
mcl_1080	0	0	0	0	0	0	0	3	0	0	0	0	0	0	0	0	0	0	0	0	0
mcl_1081	0	0	0	0	0	0	0	3	0	0	0	0	0	0	0	0	0	0	0	0	0
mcl_1085	0	0	0	0	0	0	0	0	0	0	0	0	0	0	0	0	0	0	0	5	0
mcl_1086	0	0	0	0	0	0	0	0	0	0	0	0	0	0	0	0	0	8	0	0	0
mcl_1089	0	0	0	0	0	0	0	0	0	0	0	0	0	10	0	0	0	0	0	0	0
mcl_1090	0	0	0	0	0	0	0	0	0	0	0	0	0	0	0	0	0	0	0	3	0
mcl_1092	0	0	0	0	0	0	0	0	0	0	0	0	0	0	0	0	0	0	0	3	0
mcl_1093	0	0	0	0	0	0	0	0	0	0	0	0	0	3	0	0	0	0	0	0	0
mcl_1094	0	0	0	0	0	0	0	0	0	0	0	0	0	3	0	0	0	0	0	0	0
mcl_1097	0	0	0	0	0	0	0	0	0	0	0	0	0	0	8	0	0	0	0	0	0
mcl_1104	0	0	0	0	4	0	0	0	0	0	0	0	0	0	0	0	0	0	0	0	0
mcl_1107	0	0	7	0	0	0	0	0	0	0	0	0	0	0	0	0	0	0	0	0	0
mcl_1110	0	0	0	0	0	0	0	0	0	0	0	0	0	0	0	0	4	0	0	0	0
mcl_1111	0	0	3	0	0	0	0	0	0	0	0	0	0	0	0	0	0	0	0	0	0
mcl_1116	0	0	0	0	3	0	0	0	0	0	0	0	0	0	0	0	0	0	0	0	0
mcl_1121	0	0	0	0	0	0	0	0	0	0	0	0	0	0	8	0	0	0	0	0	0
mcl_1125	0	0	0	0	0	0	0	0	0	0	0	0	0	0	3	0	0	0	0	0	0
mcl_1127	0	0	0	0	0	0	0	0	0	0	0	0	0	0	3	0	0	0	0	0	0
mcl_1129	0	0	0	0	0	0	0	0	1	0	0	0	0	0	4	0	0	0	0	0	0
mcl_1131	0	0	4	0	0	0	0	0	0	0	0	0	0	0	0	0	0	0	0	0	0
mcl_1132	0	0	0	0	5	0	0	0	0	0	0	0	0	1	0	0	0	0	0	1	0
mcl_1137	0	0	0	0	0	0	0	0	0	0	0	5	0	0	0	0	0	0	0	0	0
mcl_1145	0	0	0	0	0	0	0	0	0	0	0	0	0	0	0	0	4	0	0	0	0
mcl_1146	0	0	0	0	0	0	0	3	0	0	0	0	0	0	0	0	0	0	0	0	0
mcl_1156	0	0	0	0	0	0	0	0	0	0	0	0	0	0	0	0	4	0	0	0	0
mcl_1162	0	0	0	0	0	0	0	0	0	0	0	0	0	0	0	0	7	0	0	0	0
mcl_1163	0	0	0	0	0	0	0	5	0	0	0	0	0	0	0	0	0	0	0	0	0
mcl_1164	0	0	0	0	0	0	0	4	0	0	0	0	0	0	0	0	0	0	0	0	0
mcl_1170	0	0	6	0	0	0	0	0	0	0	0	0	0	0	0	0	0	0	0	0	0
mcl_1172	0	0	4	0	0	0	0	0	0	0	0	0	0	0	0	0	0	0	0	0	0
mcl_1173	0	0	4	0	0	0	0	0	0	0	0	0	0	0	0	0	0	0	0	0	0
mcl_1182	0	0	4	0	0	0	0	0	0	0	0	0	0	0	0	0	0	0	0	0	0
mcl_1186	0	0	0	0	0	0	0	0	0	0	0	0	0	0	0	0	5	0	0	0	0
mcl_1196	0	0	0	0	0	0	0	0	7	0	0	0	0	0	0	0	0	0	0	0	0
mcl_1199	0	0	0	0	0	0	0	0	0	0	0	0	0	0	0	0	0	0	0	4	0
mcl_1201	0	0	0	0	0	0	0	0	1	0	0	0	0	0	1	3	0	0	0	0	0
mcl_1202	0	0	3	0	0	0	0	0	0	0	0	0	0	0	0	0	0	0	0	0	0
mcl_1205	0	0	0	0	0	0	0	0	0	0	0	0	0	0	0	0	0	0	0	5	0
mcl_1208	0	0	0	0	0	0	0	0	0	0	0	0	0	0	0	0	6	1	0	0	0
mcl_1213	0	0	4	0	0	0	0	0	0	0	0	0	0	0	0	0	0	0	0	0	0
mcl_1220	0	0	0	0	0	0	0	1	0	0	0	0	0	0	0	0	0	0	0	0	0
mcl_1221	0	0	10	0	0	0	0	0	0	0	0	0	0	0	0	0	0	0	0	0	0
mcl_1223	0	0	0	0	0	0	0	0	0	0	0	0	0	0	0	0	0	0	0	3	0
mcl_1225	0	0	0	0	0	0	0	0	1	0	0	0	0	0	1	0	0	0	0	0	1
mcl_1228	0	0	0	0	0	0	0	0	0	0	0	0	0	0	0	3	0	0	0	0	0
mcl_1230	0	0	0	0	3	0	0	0	0	0	0	0	0	0	0	0	0	0	0	0	0
mcl_1232	0	0	0	0	3	0	0	0	0	0	0	0	0	0	0	0	0	0	0	0	0
mcl_1233	0	0	0	0	0	0	0	0	0	0	0	0	3	0	0	0	0	0	0	0	0
mcl_1234	0	0	0	0	0	0	0	0	0	0	0	0	3	0	0	0	0	0	0	0	0
mcl_1235	0	0	0	0	0	0	0	0	0	0	0	0	3	0	0	0	0	0	0	0	0
mcl_1236	0	0	0	0	3	0	0	0	0	0	0	0	0	0	0	0	0	0	0	0	0
mcl_1238	0	0	3	0	0	0	0	0	0	0	0	0	0	0	0	0	0	0	0	0	0
mcl_1239	0	0	0	0	0	0	0	0	0	0	0	0	0	0	0	0	0	0	0	6	0
mcl_1240	0	0	0	0	0	0	0	0	1	0	0	0	0	0	1	3	0	0	0	0	0
mcl_1246	0	0	0	0	0	0	0	0	0	0	0	0	0	10	0	0	0	0	0	0	0
mcl_1249	0	0	0	0	0	0	0	0	0	0	0	0	0	0	3	0	0	0	0	0	0
mcl_1250	0	0	0	0	0	0	0	0	0	0	0	0	0	0	11	0	0	0	0	0	0
mcl_1251	0	0	0	0	0	0	0	0	0	0	0	0	0	0	9	0	0	0	0	0	0
mcl_1255	0	0	7	0	0	0	0	0	0	0	0	0	0	0	0	0	1	0	0	0	0
mcl_1257	0	0	0	0	0	0	0	0	0	0	0	0	0	11	0	0	0	0	0	0	0
mcl_1258	0	0	0	0	0	0	0	0	0	0	0	0	0	7	0	0	0	0	0	0	0
mcl_1259	0	0	0	0	0	0	0	0	0	0	0	0	0	9	0	0	0	0	0	0	0
mcl_1264	0	0	0	0	0	0	0	0	0	0	0	0	0	0	0	0	0	0	0	4	0
mcl_1273	0	0	0	0	4	0	0	0	0	0	0	1	0	0	0	0	0	0	0	0	0
mcl_1285	0	0	0	0	0	0	0	0	0	0	0	0	0	0	0	0	0	0	0	4	0
mcl_1286	0	0	0	0	0	0	0	0	0	0	0	0	0	0	0	0	0	0	0	3	0
mcl_1287	0	0	0	0	0	0	0	0	0	0	0	0	0	0	0	0	0	0	0	3	0
mcl_1288	0	0	0	0	0	0	0	0	0	0	0	8	0	0	0	0	0	0	0	0	0
mcl_1289	0	0	7	0	0	0	0	0	0	0	0	0	0	0	0	0	0	0	0	0	0
mcl_1291	0	0	7	0	0	0	0	0	0	0	0	0	0	0	0	0	0	0	0	0	0
mcl_1294	0	0	3	0	0	0	0	0	0	0	0	0	0	0	0	0	0	0	0	0	0
mcl_1295	0	0	4	0	0	0	0	0	0	0	0	0	0	0	0	0	0	0	0	0	0
mcl_1297	0	0	0	0	0	0	0	0	0	0	0	0	0	0	0	0	0	0	0	5	0
mcl_1298	0	0	0	0	0	0	0	0	0	0	0	0	0	0	0	0	0	0	0	6	0
mcl_1299	0	0	0	0	0	0	0	0	0	0	0	0	0	0	0	0	0	0	0	3	0
mcl_1302	0	0	0	0	0	0	0	0	0	0	0	0	0	0	0	0	0	0	0	4	0
mcl_1304	0	0	0	0	0	3	1	0	0	0	0	0	0	0	0	0	0	0	0	0	0
mcl_1305	0	0	0	0	0	0	0	0	0	0	0	0	0	4	0	0	0	0	0	0	0
mcl_1307	0	0	0	0	0	0	0	0	0	0	0	0	0	8	0	0	0	0	0	0	0
mcl_1308	0	0	0	0	0	0	0	0	0	0	0	0	1	0	0	0	0	0	0	0	0
mcl_1311	0	0	0	0	0	1	0	0	0	0	0	0	0	0	0	0	0	0	0	0	0
mcl_1313	0	0	4	0	0	0	0	0	0	0	0	0	0	0	0	0	0	0	0	0	0
mcl_1320	0	0	0	0	0	0	0	0	0	0	0	13	0	0	0	0	0	0	0	0	0
mcl_1326	0	0	0	0	0	0	0	0	0	5	0	0	0	0	0	0	0	0	0	0	0
mcl_1330	0	0	0	0	2	0	0	0	0	0	0	0	0	0	0	0	0	0	0	0	0
mcl_1337	0	0	0	0	0	0	0	0	0	0	0	24	0	0	0	0	0	0	0	0	0
mcl_1339	0	0	0	0	0	0	0	0	2	0	0	0	0	0	0	0	0	0	0	0	0
mcl_1342	0	0	0	0	0	4	0	0	0	0	0	0	0	0	0	0	0	0	0	0	0
mcl_1343	0	0	0	0	0	3	1	0	0	0	0	0	0	0	0	0	0	0	0	1	0
mcl_1346	0	0	0	0	0	0	0	0	0	0	0	0	0	0	0	0	0	3	0	0	0
mcl_1348	0	0	0	0	0	2	1	0	0	0	0	0	0	0	0	0	0	0	0	0	0
mcl_1353	0	0	0	0	0	0	0	0	0	0	0	0	0	0	0	0	0	0	0	2	0
mcl_1354	0	0	0	0	0	3	1	0	0	0	0	0	0	0	0	0	0	0	0	0	0
mcl_1355	0	0	0	0	0	0	0	1	0	0	0	0	0	0	0	0	0	0	0	0	0
